10x5 super cell on square lattice
30 0 
0 15
1 1
1 0 0 0
1 0 3 0 
1 0 6 0 
1 0 9 0 
1 0 12 0
1 0 15 0
1 3 0 0
1 3 3 0
1 3 6 0 
1 3 9 0 
1 3 12 0 
1 3 15 0 
1 6 0 0 
1 6 3 0 
1 6 6 0 
1 6 9 0 
1 6 12 0 
1 6 15 0 
1 9 0 0 
1 9 3 0 
1 9 6 0 
1 9 9 0 
1 9 12 0
1 9 15 0 
1 12 0 0
1 12 3 0 
1 12 6 0 
1 12 9 0 
1 12 12 0 
1 12 15 0 
1 15 0 0 
1 15 3 0 
1 15 6 0 
1 15 9 0 
1 15 12 0 
1 15 15 0
2 18 0 -2 
2 18 3 -2 
2 18 6 -2 
2 18 9 -2 
2 18 12 -2 
2 18 15 -2
2 21 0 -2 
2 21 3 -2 
2 21 6 -2 
2 21 9 -2 
2 21 12 -2 
2 21 15 -2
2 24 0 -2 
2 24 3 -2 
2 24 6 -2 
2 24 9 -2 
2 24 12 -2 
2 24 15 -2
2 27 0 -2 
2 27 3 -2 
2 27 6 -2 
2 27 9 -2 
2 27 12 -2 
2 27 15 -2
2 30 0 -2 
2 30 3 -2 
2 30 6 -2 
2 30 9 -2 
2 30 12 -2 
2 30 15 -2

